Table 2
Stellar-wind Parameters for Z = Z_sun

Model	k	alpha	delta	log_Mdot (M_sun yr^-1)	v_inf (km s^-1)	
 1	0.234	0.598	0.050	-4.75	4076
 2	0.229	0.598	0.050	-4.75	3536
 3	0.296	0.598	0.050	-4.51	3190
 4	0.288	0.598	0.050	-4.48	2817
 5	0.278	0.598	0.050	-4.43	2481
 6	0.078	0.625	0.075	-5.19	1175
 7	0.042	0.607	0.050	-6.06	830
 8	0.116	0.625	0.075	-6.59	1132
 9	0.224	0.598	0.050	-4.95	3997
10	0.220	0.598	0.050	-4.95	3480
11	0.217	0.598	0.050	-4.92	3190
12	0.282	0.598	0.050	-4.65	2861
13	0.273	0.598	0.050	-4.60	2463
14	0.252	0.598	0.050	-4.53	1722
15	0.211	0.611	0.050	-4.57	1247
16	0.146	0.632	0.050	-5.69	1227
17	0.213	0.598	0.050	-5.24	4011
18	0.209	0.598	0.050	-5.24	3480
19	0.207	0.598	0.050	-5.19	3246
20	0.204	0.598	0.050	-5.14	2974
21	0.267	0.598	0.050	-4.87	2628
22	0.257	0.597	0.050	-4.80	2135
23	0.244	0.598	0.050	-4.69	1747
24	0.056	0.668	0.075	-5.27	746
25	0.198	0.598	0.050	-5.63	3968
26	0.194	0.598	0.050	-5.63	3446
27	0.193	0.598	0.050	-5.59	3276
28	0.192	0.598	0.050	-5.52	3066
29	0.191	0.598	0.050	-5.47	2844
30	0.188	0.598	0.050	-5.40	2514
31	0.245	0.597	0.050	-5.10	2034
32	0.102	0.609	0.075	-5.61	1304
33	0.188	0.598	0.050	-5.90	3906
34	0.184	0.598	0.050	-5.90	3397
35	0.183	0.598	0.050	-5.80	3078
36	0.181	0.598	0.050	-5.69	2680
37	0.179	0.598	0.050	-5.64	2408
38	0.235	0.597	0.050	-5.32	1967
39	0.102	0.609	0.075	-5.82	1333
40	0.073	0.645	0.075	-5.72	894
41	0.176	0.598	0.050	-6.22	3820
42	0.173	0.598	0.050	-6.22	3324
43	0.172	0.598	0.050	-6.14	3076
44	0.172	0.598	0.050	-6.03	2787
45	0.169	0.598	0.050	-5.90	2347
46	0.166	0.597	0.050	-5.83	2011
47	0.116	0.609	0.075	-5.98	1519
48	0.138	0.647	0.050	-5.34	1041
49	0.069	0.598	0.050	-7.34	3624
50	0.064	0.598	0.050	-7.39	3154
51	0.069	0.598	0.050	-7.17	2768
52	0.156	0.598	0.050	-6.35	2343
53	0.155	0.598	0.050	-6.29	2136
54	0.082	0.607	0.070	-6.70	1869
55	0.125	0.609	0.075	-6.24	1477
56	0.157	0.422	0.050	-6.51	301
57	0.046	0.598	0.050	-7.96	3592
58	0.045	0.598	0.050	-7.96	3125
59	0.049	0.598	0.050	-7.77	2851
60	0.053	0.598	0.050	-7.62	2661
61	0.056	0.598	0.050	-7.49	2458
62	0.058	0.598	0.050	-7.40	2317
63	0.060	0.607	0.070	-7.24	1958
64	0.063	0.607	0.070	-7.11	1695
65	0.133	0.609	0.075	-6.42	1458
66	0.030	0.598	0.050	-8.67	3468
67	0.029	0.598	0.050	-8.67	3019
68	0.031	0.598	0.050	-8.55	2859
69	0.034	0.598	0.050	-8.36	2640
70	0.038	0.598	0.050	-8.11	2327
71	0.040	0.607	0.070	-7.96	2085
72	0.042	0.607	0.070	-7.87	1936
73	0.147	0.609	0.075	-6.70	1576
74	0.016	0.599	0.050	-9.66	3302
75	0.016	0.598	0.050	-9.66	2874
76	0.017	0.598	0.050	-9.48	2682
77	0.018	0.598	0.050	-9.39	2605
78	0.019	0.607	0.070	-9.30	2495
79	0.020	0.607	0.070	-9.24	2427
80	0.021	0.607	0.070	-9.14	2338
81	0.023	0.607	0.070	-8.90	2014
82	0.026	0.607	0.070	-8.69	1774
83	0.031	0.589	0.050	-8.56	1599
84	0.015	0.608	0.070	-10.51	2609
85	0.012	0.608	0.070	-10.51	2350
86	2.955	0.403	0.050	-10.08	1227
